# oST version 5.0 parameters


[image]

width
1296

height
964

[narrow_stereo]

camera matrix
1440.055092 0.000000 642.222359
0.000000 1433.980186 441.691345
0.000000 0.000000 1.000000

distortion
-0.228814 0.199096 -0.001875 0.000571 0.000000

rectification
1.000000 0.000000 0.000000
0.000000 1.000000 0.000000
0.000000 0.000000 1.000000

projection
1381.085205 0.000000 642.404414 0.000000
0.000000 1397.897461 438.849456 0.000000
0.000000 0.000000 1.000000 0.000000

