%YAML:1.0
---
Homography: !!opencv-matrix
   rows: 3
   cols: 3
   dt: d
   data: [ -6.5232506106107481e-06, 2.7525203470975880e-04,
       1.0318126370805933e-02, 2.7764325621080843e-04,
       -6.2375137907315259e-05, -6.7828525556592489e-01,
       -3.5726532922455544e-05, 1.1112706816076082e-04, 1. ]
