image_width: 1296
image_height: 964
camera_name: narrow_stereo
camera_matrix:
  rows: 3
  cols: 3
  data: [1440.055092, 0.000000, 642.222359, 0.000000, 1433.980186, 441.691345, 0.000000, 0.000000, 1.000000]
distortion_model: plumb_bob
distortion_coefficients:
  rows: 1
  cols: 5
  data: [-0.228814, 0.199096, -0.001875, 0.000571, 0.000000]
rectification_matrix:
  rows: 3
  cols: 3
  data: [1.000000, 0.000000, 0.000000, 0.000000, 1.000000, 0.000000, 0.000000, 0.000000, 1.000000]
projection_matrix:
  rows: 3
  cols: 4
  data: [1381.085205, 0.000000, 642.404414, 0.000000, 0.000000, 1397.897461, 438.849456, 0.000000, 0.000000, 0.000000, 1.000000, 0.000000]
