%YAML:1.0
---
Homography: !!opencv-matrix
   rows: 3
   cols: 3
   dt: d
   data: [ -1.4219989299345348e-05, 3.1120346708105121e-04,
       -1.7193132190955412e-01, 3.2118244310530032e-04,
       -3.0538665493140191e-04, -7.1683650952794642e-01,
       -6.8832039927972164e-05, 5.7491540127533615e-04, 1. ]
