%YAML:1.0
---
Homography: !!opencv-matrix
   rows: 3
   cols: 3
   dt: d
   data: [ 5.0276499741864795e-09, 1.4342571322687050e-04,
       -8.1589762187043210e-02, 1.2622437025484347e-04,
       -1.3917374681488175e-04, -5.4612449617487568e-01,
       -1.5519972743406693e-05, 2.8845017775109172e-04, 1. ]
