%YAML:1.0
---
Homography: !!opencv-matrix
   rows: 3
   cols: 3
   dt: d
   data: [ -1.5844496777251671e-06, 1.4540660172617070e-04,
       -7.8313527917901804e-02, 1.4858972140292402e-04,
       -1.2431844929814028e-04, -5.5342276352097264e-01,
       -5.4002204315128369e-05, 2.5788163343158529e-04, 1. ]
