%YAML:1.0
---
Homography: !!opencv-matrix
   rows: 3
   cols: 3
   dt: d
   data: [ -2.7048829790238406e-07, 1.1883616711239292e-04,
       -7.6278577886308860e-02, 1.0470021733826218e-04,
       3.7197095259067999e-06, -5.6086921980187709e-01,
       3.2490239812837291e-06, 1.4602932679827298e-05, 1. ]
