%YAML:1.0
---
Homography: !!opencv-matrix
   rows: 3
   cols: 3
   dt: d
   data: [ -6.5531900946423229e-06, 3.4429811208629510e-04,
       -1.4010960871850539e-01, 3.1892465479449933e-04,
       -3.0956024689129632e-04, -6.9744311743578968e-01,
       -4.9863804913450677e-05, 6.0118384627934015e-04, 1. ]
