%YAML:1.0
---
Homography: !!opencv-matrix
   rows: 3
   cols: 3
   dt: d
   data: [ 8.9407584207480971e-07, 1.3987051981321008e-04,
       -8.6189422746067862e-02, 1.3763520563758380e-04,
       -1.2446122819749779e-04, -5.5041712067487369e-01,
       -4.3665824583024951e-05, 2.5806386100474938e-04, 1. ]
