%YAML:1.0
---
Homography: !!opencv-matrix
   rows: 3
   cols: 3
   dt: d
   data: [ -1.4578508815228181e-05, 3.1194757911010750e-04,
       -1.7185306573128281e-01, 3.2005796973601567e-04,
       -3.0577991248180301e-04, -7.1540032406049747e-01,
       -6.5590937409324386e-05, 5.7529521020573658e-04,
       9.9999999999999989e-01 ]
