%YAML:1.0
---
Homography: !!opencv-matrix
   rows: 3
   cols: 3
   dt: d
   data: [ 1.3457273615092250e-05, 3.6930594430420921e-04,
       -1.3707332130822017e-01, 3.0623508246004701e-04,
       -3.1768216852027164e-04, -6.8228956326347556e-01,
       -1.4035057171561641e-05, 5.9372537615183865e-04, 1. ]
