%YAML:1.0
---
Homography: !!opencv-matrix
   rows: 3
   cols: 3
   dt: d
   data: [ 7.3462536801534611e-08, 1.4891424072074669e-04,
       -8.1241881844086386e-02, 1.3760626324785092e-04,
       -1.3777383083620452e-04, -5.5500914093706377e-01,
       -2.3694105444175269e-05, 2.8486572147872743e-04, 1. ]
