%YAML:1.0
---
Homography: !!opencv-matrix
   rows: 3
   cols: 3
   dt: d
   data: [ -9.5715454291674723e+02, 9.6398244617711789e+03,
       5.3336704375495410e+03, 8.5607140888569920e+03,
       1.8208666536582068e+00, 6.5402036444870043e+02,
       -1.2190171346709666e-01, -3.1346610844823805e-02, 1. ]
