%YAML:1.0
---
Homography: !!opencv-matrix
   rows: 3
   cols: 3
   dt: d
   data: [ -9.9159068308319127e+02, 8.3923605788779441e+03,
       4.5772781422043863e+03, 6.0705259014715084e+03,
       9.0309358943192834e+01, 5.4330346774445286e+02,
       -1.7527795948804177e+00, 1.7312343578983966e-01, 1. ]
