%YAML:1.0
---
Homography: !!opencv-matrix
   rows: 3
   cols: 3
   dt: d
   data: [ -1.1090647159543371e+03, 4.3069697786885490e+03,
       2.8906114038614110e+03, 2.8635372988292447e+03,
       2.7101662451932424e+02, 6.8599304464658951e+02,
       -1.7201238866289899e+00, 1.2658361920571709e-01, 1. ]
