%YAML:1.0
---
Homography: !!opencv-matrix
   rows: 3
   cols: 3
   dt: d
   data: [ -9.0802546492115300e+02, 8.3725682837839904e+03,
       4.5301427367538681e+03, 5.8670863668163056e+03,
       1.4819746086294091e+02, 5.8725120685672891e+02,
       -1.5537326413371078e+00, 3.2735068904771741e-01, 1. ]
