%YAML:1.0
---
Homography: !!opencv-matrix
   rows: 3
   cols: 3
   dt: d
   data: [ -1.1163386897043110e+03, 4.2887491844940660e+03,
       2.8823984090339113e+03, 2.8432142743240975e+03,
       2.7250536609608440e+02, 6.8417938411660703e+02,
       -1.7114475446976603e+00, 1.3853582320934504e-01, 1. ]
