%YAML:1.0
---
Homography: !!opencv-matrix
   rows: 3
   cols: 3
   dt: d
   data: [ -8.5941238776981652e+02, 7.7351865152586533e+03,
       4.2135246816020035e+03, 5.5445816644037513e+03,
       2.7154777707958590e+02, 5.8449647218773089e+02,
       -1.4762559396665520e+00, 3.4768993830462230e-01, 1. ]
