%YAML:1.0
---
Homography: !!opencv-matrix
   rows: 3
   cols: 3
   dt: d
   data: [ -1.0138883070653928e+03, 9.2220226880474347e+03,
       4.9536495883654889e+03, 6.5038196346594495e+03,
       6.9664549627095766e+01, 5.6869061436563356e+02,
       -1.8917634485690673e+00, 1.2303078903468732e-01, 1. ]
