%YAML:1.0
---
Homography: !!opencv-matrix
   rows: 3
   cols: 3
   dt: d
   data: [ 1.6596289590994321e-05, 3.7399444233740569e-04,
       -1.3465223732999568e-01, 2.9354947010222255e-04,
       -3.2674229758784763e-04, -6.9460246246975665e-01,
       2.1484700513770980e-05, 6.0698502941803072e-04, 1. ]
